real_mean=1.0
real_std=0.0
shuff_mean=0.32999999999999996
shuff_std=0.09882644720249062
t=29.551424490535062
p=7.950822745087061e-28
