real_mean=0.8225
real_std=0.03614208073700238
shuff_mean=0.25749999999999995
shuff_std=0.04548351349665063
t=42.39243468495905
p=1.3175766692231136e-33
