1.367815857008712=0.6889473014738601=0.3110526985261399
real_acc=0.25
shuffled_acc=0.25
